name: toptal
channels:
  - conda-forge
  - anaconda
  - defaults
dependencies:
  - asgiref=3.2.5=py_0
  - ca-certificates=2020.1.1=0
  - certifi=2020.4.5.1=py38_0
  - cffi=1.14.0=py38ha419a9e_0
  - chardet=3.0.4=py38_1003
  - cryptography=2.8=py38hb32ad35_1
  - django=3.0.3=py_0
  - django-cors-headers=3.2.1=pyh9f0ad1d_0
  - djangorestframework=3.11.0=py_0
  - djangorestframework-jwt=1.11.0=py_0
  - idna=2.9=py_1
  - m2-base=1.0.0=3
  - m2-bash=4.3.042=5
  - m2-bash-completion=2.3=2
  - m2-catgets=1.1=3
  - m2-coreutils=8.25=102
  - m2-dash=0.5.8=2
  - m2-file=5.25=2
  - m2-filesystem=2016.04=4
  - m2-findutils=4.6.0=2
  - m2-gawk=4.1.3=2
  - m2-gcc-libs=5.3.0=4
  - m2-gettext=0.19.7=4
  - m2-gmp=6.1.0=3
  - m2-grep=2.22=4
  - m2-gzip=1.7=2
  - m2-inetutils=1.9.2=2
  - m2-info=6.0=2
  - m2-less=481=2
  - m2-libasprintf=0.19.7=4
  - m2-libcatgets=1.1=3
  - m2-libcrypt=1.3=2
  - m2-libgettextpo=0.19.7=4
  - m2-libiconv=1.14=3
  - m2-libintl=0.19.7=4
  - m2-liblzma=5.2.2=2
  - m2-libpcre=8.38=2
  - m2-libreadline=6.3.008=8
  - m2-libutil-linux=2.26.2=2
  - m2-libxml2=2.9.2=3
  - m2-mintty=1!2.2.3=2
  - m2-mpfr=3.1.4=2
  - m2-msys2-launcher-git=0.3.28.860c495=2
  - m2-msys2-runtime=2.5.0.17080.65c939c=3
  - m2-ncurses=6.0.20160220=2
  - m2-sed=4.2.2=3
  - m2-tftp-hpa=5.2=2
  - m2-time=1.7=2
  - m2-ttyrec=1.0.8=2
  - m2-tzcode=2015.e=2
  - m2-util-linux=2.26.2=2
  - m2-which=2.21=3
  - m2-zlib=1.2.8=4
  - msys2-conda-epoch=20160418=1
  - openssl=1.1.1g=he774522_0
  - pip=20.0.2=py38_1
  - pycparser=2.20=py_0
  - pyjwt=1.7.1=py_0
  - pyopenssl=19.1.0=py38_0
  - pysocks=1.7.1=py38_0
  - python=3.8.2=h5fd99cc_0
  - python_abi=3.8=1_cp38
  - pytz=2019.3=py_0
  - requests=2.23.0=py38_0
  - setuptools=46.1.3=py38_0
  - six=1.14.0=py_1
  - sqlite=3.31.1=he774522_0
  - sqlparse=0.3.0=py_0
  - urllib3=1.25.8=py38_0
  - vc=14.1=h0510ff6_4
  - vs2015_runtime=14.16.27012=hf0eaf9b_1
  - wheel=0.34.2=py38_0
  - win_inet_pton=1.1.0=py38_0
  - wincertstore=0.2=py38_0
prefix: C:\Users\obv_t\Anaconda3\envs\toptal

